Position Score
1 0.0159
2 0.0136
3 0.0124
4 0.0110
5 0.0174
6 0.0127
7 0.0077
8 0.0137
9 0.0185
10 0.0179
11 0.0090
12 0.0141
13 0.0125
14 0.0200
15 0.0140
16 0.0134
17 0.0116
18 0.0141
19 0.0184
20 0.0089
21 0.0077
22 0.0168
23 0.0229
24 0.0181
25 0.0217
26 0.0095
27 0.0142
28 0.0306
29 0.0345
30 0.0264
31 0.0510
32 0.0375
33 0.1698
34 0.1445
35 0.0859
36 0.1655
37 0.2989
38 0.1700
39 0.2610
40 0.6523
41 0.5630
42 0.6391
43 0.8753
44 0.3154
45 0.4585
46 0.1831
47 0.6245
48 0.4641
49 0.5102
50 0.2620
51 0.3040
52 0.6975
53 0.4464
54 0.1968
55 0.2131
56 0.6116
57 0.6439
58 0.3755
59 0.3742
60 0.6700
61 0.2196
62 0.1749
63 0.5895
64 0.9717
65 0.0127
66 0.2543
67 0.1927
68 0.3130
69 0.2979
70 0.1875
71 0.4793
72 0.1650
73 0.1669
74 0.1280
75 0.2221
76 0.2492
77 0.8345
78 0.1908
79 0.6276
80 0.6906
81 0.4184
82 0.6127
83 0.6966
84 0.6748
85 0.7053
86 0.9846
87 0.6806
88 0.9462
89 0.3302
90 0.9922
91 0.8821
92 0.9982
93 1.0000
94 0.9717
95 0.4356
96 0.7592
97 0.8842
98 0.6465
99 0.5027
100 0.7694
101 0.4527
102 0.1952
103 0.5051
104 0.6657
105 0.9870
106 0.7601
107 0.3547
108 0.4266
109 0.3522
110 0.4698
111 0.7025
112 0.4288
113 0.3601
114 0.2665
115 0.4442
116 0.4213
117 0.7795
118 0.6381
119 0.8583
120 0.4806
121 0.5434
122 1.0000
123 0.5863
124 0.4618
125 0.3882
126 1.0000
127 0.6998
128 0.9043
129 0.5726
130 0.8516
131 0.7487
132 0.6822
133 0.6755
134 0.6218
135 0.3884
136 0.8414
137 0.4782
138 0.7723
139 0.4438
140 0.4152
141 1.0000
142 0.5692
143 0.5382
144 0.3414
145 0.6939
146 0.3049
147 0.2462
148 0.6222
149 0.5366
150 0.3730
151 0.6661
152 0.8315
153 0.3620
154 0.3873
155 0.6906
156 0.3835
157 0.7564
158 0.9913
159 0.8888
160 0.5974
161 0.9957
162 0.7440
163 1.0000
164 0.7714
165 0.7496
166 0.3553
167 0.2873
168 1.0000
169 1.0000
170 0.6587
171 1.0000
172 0.4390
173 0.7735
174 0.8959
175 0.9913
176 0.4032
177 0.5721
178 0.9773
179 0.3922
180 0.2237
181 0.9922
182 0.3443
183 0.2720
184 0.6068
185 0.2066
186 0.4959
187 0.2638
188 0.5786
189 0.3598
190 0.4727
191 0.4710
192 0.6097
193 0.6789
194 0.4443
195 0.9957
196 0.9738
197 0.6629
198 0.9017
199 1.0000
200 0.6946
201 0.4570
202 0.5211
203 0.7851
204 0.5808
205 0.5479
206 0.2933
207 0.4793
208 0.5939
209 0.4486
210 0.3462
211 0.4611
212 0.7991
213 0.4406
214 0.3677
215 0.4755
216 0.3684
217 0.5098
218 0.4001
219 0.4063
220 0.9929
221 0.3378
222 0.4261
223 0.5346
224 0.2564
225 0.7257
226 0.2896
227 0.2479
228 0.2452
229 0.4081
230 0.4073
231 0.2568
232 0.1470
233 0.5099
234 0.2449
235 0.2652
236 0.1838
237 0.4815
238 0.2206
239 0.1901
240 0.2426
241 0.6575
242 0.3964
243 0.2183
244 0.5182
245 0.2353
246 0.4325
247 0.4514
248 0.2790
249 0.6836
250 0.5112
251 0.1290
252 0.4346
253 0.7810
254 0.6151
255 0.3188
256 0.6342
257 0.6042
258 0.7384
259 0.4750
260 0.6109
261 0.5125
262 0.9129
263 0.9957
264 0.7622
265 0.9637
266 0.5564
267 1.0000
268 0.9846
269 0.9121
270 0.5270
271 0.5845
272 0.2237
273 0.5338
274 0.1787
275 0.3029
276 0.3075
277 0.5832
278 0.3246
279 0.1913
280 0.2331
281 0.6108
282 0.2464
283 0.5462
284 0.7469
285 0.6789
286 0.7823
287 0.6882
288 0.2244
289 0.3701
290 0.6017
291 0.4987
292 0.2969
293 0.2260
294 0.7099
295 0.3811
296 0.4280
297 0.3593
298 0.4102
299 0.4110
300 0.7633
301 0.7218
302 1.0000
303 0.9890
304 0.9459
305 1.0000
306 0.5901
307 0.5093
308 0.6483
309 0.4090
310 0.9913
311 0.7701
312 0.6617
313 0.4447
314 0.5617
315 0.7823
316 0.5471
317 0.5745
318 0.6411
319 0.4441
320 0.3115
321 0.7486
322 0.4496
323 0.6486
324 0.6854
325 0.6464
326 0.7544
327 0.9575
328 0.9005
329 0.9939
330 0.9799
331 0.6905
332 0.8821
333 0.5746
334 0.6466
335 0.8242
336 0.8593
337 0.6159
338 0.6991
339 0.3773
340 0.2923
341 0.5113
342 0.6478
343 0.4117
344 0.1388
345 0.1009
346 0.0578
347 0.0558
348 0.0578
349 0.0450
350 0.0513
351 0.0260
352 0.0144
353 0.0158
354 0.0304