position score
1 0.168661
2 3.192599
3 3.006198
4 2.941553
5 2.655500
6 2.040748
7 3.052358
8 2.751059
9 2.517839
10 2.273116
11 0.453184
12 0.168661
13 0.336397
14 2.566418
15 2.051520
16 2.545462
17 2.422578
18 2.186711
19 2.084890
20 2.747731
21 2.517756
22 2.994993
23 2.720081
24 1.944015
25 2.083310
26 2.771127
27 2.034029
28 2.697731
29 2.697516
30 3.218454
31 3.183486
32 2.757717
33 2.933206
34 2.306259
35 2.378217
36 2.245049
37 1.587907
38 1.726590
39 1.243547
40 1.263554
41 1.964618
42 1.869886
43 2.671528
44 1.318308
45 2.076796
46 1.982229
47 2.804175
48 2.133136
49 1.332426
50 1.644029
51 2.667476
52 2.690068
53 1.860791
54 1.416044
55 2.469973
56 3.001312
57 1.191154
58 2.607490
59 2.497546
60 1.960405
61 0.336397
62 3.443943
63 2.626590
64 2.029277
65 0.947585
66 2.720482
67 2.624597
68 2.115561
69 2.835290
70 2.909987
71 2.909987
72 2.400369
73 1.537611
74 2.845462
75 1.301519
76 0.714933
77 1.593752
78 2.020951
79 1.721526
80 1.356780
81 1.349892
82 0.168661
83 2.305802
84 0.714933
85 1.497666
86 -0.000000
87 0.747585
88 -0.000000
89 -0.000000
90 0.168661
91 2.221523
92 0.286397
93 1.870951
94 0.797585
95 1.809359
96 1.219241
97 2.025720
98 2.603228
99 2.305802
100 0.714933
101 0.168661
102 1.153056
103 1.391760
104 1.807529
105 2.698562
106 1.212147
107 0.503184
108 1.912888
109 2.522574
110 2.588618
111 1.313554
112 0.991431
113 1.377696
114 1.171928
115 0.947585
116 1.860405
117 1.737907
118 -0.000000
119 1.497666
120 1.921526
121 2.679943
122 0.468996
123 1.084184
124 1.312147
125 1.940469
126 0.503184
127 1.525157
128 0.669016
129 2.153185
130 1.100473
131 2.240929
132 1.365493
133 2.456771
134 1.268174
135 2.426189
136 1.221928
137 -0.000000
138 1.332426
139 2.338845
140 2.131774
141 1.709518
142 2.520723
143 1.678898
144 0.168661
145 2.009987
146 2.859341
147 3.144993
148 1.194682
149 0.947585
150 1.814334
151 2.293547
152 1.681347
153 0.168661
154 0.168661
155 0.168661
156 0.168661
157 0.168661
158 0.168661
159 0.168661
160 0.168661
161 0.168661
162 0.168661
163 0.168661
164 0.168661
165 0.168661
166 0.168661
167 0.168661
168 2.133947
169 1.789079
170 0.336397
171 1.086944
172 1.510964
173 0.286397
174 1.537413
175 0.714933
176 1.416044
177 1.340779
178 2.810322
179 2.178859
180 -0.000000
181 -0.000000
182 1.863357
183 -0.000000
184 1.895746
185 1.505762
186 0.797585
187 -0.000000
188 2.175612
189 1.653266
190 0.336397
191 1.650232
192 2.604347
193 0.336397
194 2.131774
195 2.239354
196 2.343752
197 3.287972
198 1.531020
199 2.719241
200 1.351519
201 1.422888
202 1.543752
203 0.168661
204 0.168661
205 0.168661
206 0.168661
207 0.168661
208 1.860964
209 2.029044
210 0.975809
211 1.650232
212 0.168661
213 0.168661
214 0.168661
215 0.168661
216 0.168661
217 0.384312
218 0.714933
219 1.857647
220 1.110303
221 0.783805
222 1.702728
223 1.931774
224 1.823865
225 1.280274
226 2.121196
227 2.160564
228 2.520951
229 1.760791
230 1.893507
231 1.931774
232 1.472888
233 2.634834
234 0.947585
235 2.002728
236 1.914984
237 1.836666
238 2.861368
239 2.065157
240 1.153056
241 2.083206
242 -0.000000
243 1.621092
244 1.060303
245 1.890473
246 1.491760
247 1.940469
248 2.476177
249 2.949582
250 3.091553
251 2.661769
252 2.728320
253 2.868454
254 3.323727
255 1.960405
256 2.399582
257 2.930710
258 2.826223
259 2.296723
260 2.516430
261 2.506771
262 2.707826
263 2.030710
264 2.100688
265 2.011767
266 1.760405
267 3.168054
268 2.736628
269 0.783805
270 2.064334
271 1.537907
272 1.522888
273 2.862815
274 1.263554
275 0.714933
276 1.909802
277 3.188376
278 1.271906
279 0.991139
280 1.278790
281 1.691533
282 1.298795
283 1.464618
284 1.060303
285 0.468996
286 1.189733
287 0.286397
288 1.959620
289 0.503184
290 0.714933
291 0.997585
292 1.459651
293 1.422888
294 2.504347
295 1.282426
296 2.012901
297 2.927167
298 2.571127
299 1.163554
300 0.168661
301 0.168661
302 0.168661
303 0.168661
304 0.168661
305 0.168661
306 0.168661
307 0.168661
308 0.168661
309 0.168661
310 0.168661
311 0.168661
312 0.168661
313 0.168661
314 0.168661
315 0.168661
316 0.168661
317 0.168661
318 1.531020
319 2.406259
320 2.210128
321 0.897585
322 2.842897
323 1.531020
324 1.445391
325 0.783805
326 1.278790
327 1.189733
328 2.811368
329 2.174299
330 2.140395
331 2.390000
332 1.797770
333 2.882840
334 0.922559
335 2.385303
336 0.336397
337 2.483452
338 2.507249
339 1.616642
340 2.417839
341 0.550123
342 0.998196
343 -0.000000
344 -0.000000
345 0.168661
346 -0.000000
347 1.081020
348 2.042738
349 0.453184
350 0.503184
351 0.503184
352 0.453184
353 0.336397
354 0.503184
355 1.199892
356 2.121601
357 1.706780
358 0.453184
359 0.384312
360 1.910964
361 0.733805
362 1.605762
363 -0.000000
364 1.103056
365 1.278794
366 1.616642
367 1.960405
368 1.952078
369 0.618996
370 1.462379
371 0.668996
372 0.947585
373 1.933310
374 0.707344
375 0.503184
376 0.833805
377 0.336397
378 0.286397
379 2.012487
380 1.524635
381 1.624880
382 1.540469
383 2.328217
384 1.502220
385 1.860721
386 1.650664
387 2.115961
388 3.041446
389 2.128390
390 0.168661
391 0.168661
392 0.168661
393 0.168661
394 0.168661
395 0.168661
396 0.168661
397 0.168661
398 0.168661
399 0.168661
400 0.168661
401 1.462379
402 2.484756
403 2.052819
404 2.187387
405 2.312888
406 2.203185
407 2.730309
408 2.401712
409 1.938433
410 1.516991
411 2.257717
412 0.618996